#JOSM PicLayer plugin calibration data
#Fri Oct 13 04:39:33 EDT 2017
POSITION_Y=1970088.0569858206
POSITION_X=8743578.614933623
M12=-1.697466951190801
M11=0.06583150449934849
M10=-0.06188471960489632
M02=0.7410501673449641
INITIAL_SCALE=9.335385238704978
M01=0.06188471960489632
M00=0.06583150449934849
